function guess = getGuess()
guess = [1000.00000045166
532.735201342685
-133.772037005141
591.517391168714
31.0060053529373
52.1634334259269
-544.507673174430
-589.891093242478
-482.837047182110
-354.848905495872
-92.8190743268063
-76.9567136590030
17.3634254303763
-1.93708877099419
-2.86732548122799e-07
0
0
0
0
0
0
0
0
0
0
0
0
0
0
0
1699.99999749781
1611.38128915872
1675.05061804321
1999.99994057698
550.157691766641
642.961329571420
587.288348488915
118.716172523297
959.713461661940
533.156996352955
1506.45896207843
7.46950121365456e-05
165.734681164824
78.3670535499314
1.17644031739800e-05
0.0998556805003931
-4.99999999976430
4.99999922006416
1.57282766986031
-3.62319147960079
-0.0189060801700385
-4.99999792514993
2.41980111302864
-1.14615579305645
3.08234754976936
0.00622351619583708
0.899718605939213
-0.0324181942901631
-0.00501756163199524
-0.446851166849434
0
0
0
0
0
0
0
0
0
0
0
0
0
0
0
0.000440409556259900
28.9308272441984
8.06293901105050
-5.68746730883374
-12.8319454040826
8.46656816803441
-9.64582859878252
7.45168559916336
-2.57092619456050
5.33880271098110
-1.70696184096796
-14.6218616031400
11.8245297538938
-15.2279023005520
23.6350822544334
0.0581803818171386
-1.57079630529759
-0.0328388529782090
-0.00150473024115187
0.0102413625834383
0.00105193874131421
-0.00561763820709204
-0.00120058440667288
-0.000511080935935940
-0.00394353148897875
0.000248285271728261
0.00316909591499809
-0.000925097008342428
-0.00180601279082095
9.65425363931866e-05
-0.135612428456849
1.57079593409438
-0.109754713967798
0.00330541988320729
-0.0712284081595574
-0.00222909745548537
-0.0273503820530926
-0.0687676468348805
-0.00506117299492372
-0.0479430629831604
-0.00364124536520368
0.0317473170929424
-0.00274279436337472
0.00256460456555886
0.00121441961248307
-0.0234409360988447
-1.57079599257723
0.0453274171698687
-0.00525802392936286
-0.0289532973340877
1.57079593061620
0.0103074799657292
0.00305644429690134
0.00115101305546038
0.00631793577917174
1.57076091832669
0.0339738433097338
-1.57079520473792
-0.682329821471482
0.00462199526479611
-0.192258150886452
-0.000405037829888047
0.0134296333084004
-0.00552115442264045
0.00122546004480132
-0.000802146473273608
0.00105346069654888
-0.000646822030495372
0.00102255493644629
-0.000586197171594523
0.000945918498756053
-0.000103279808454631
0.000496244700728104
-0.000708661767753067
0.000555025269452259
0.173152963448606
1.24288491329397e-09
-0.0189440260851592
0.00544360786979874
-0.00198119138617314
0.00217789106192664
-0.00168649430268494
0.00124687806436168
-0.000592933826301739
0.000134293952743886
1.14989791456130e-05
0.000783017313856289
-0.00108636968805506
0.00182898645260807
-0.0113472421569563
-0.162007200946588
-0.00284732150436014
0.0258301738511171
-0.0158295242817941
0.0164869455559940
-0.00108941223475634
-0.0110550651811888
0.00617782517400529
-0.00615660449740850
0.0110865236737529
0.00359650602250047
-0.0288027895515809
-0.000660308255388077
0.0303509845205740
0.0265668719268302
-1547.44236744561
-6785.10045884540
5069.10615113404
1008.64586012538
-6985.97054330133
-68.8676934654339
-7376.72312605045
1730.20081447984
-489.502901945656
2094.54658186384
-90.5018854871802
2093.25548297098
-152.687685540418
27.5102060478981
-1816.79325948094
0
0
0
0
0
0
0
0
0
0
0
0
0
0
0
-6753.62591354385
99999.9999918210
-716.995336424447
-15102.9448171300
-32721.6136096724
-2326.87760255426
-24353.8481821986
-2729.75905094740
-11640.2991015694
-5618.91180539624
-11401.4498651791
-38022.3766298982
4933.61515690822
-40803.4152920840
59052.6683478200
1312.83108758230];
end